   1.0000000e-03   5.7946218e+01
   6.0404040e-03   1.7177937e+00
   1.1080808e-02   4.0928275e+00
   1.6121212e-02   4.8726204e+00
   2.1161616e-02   1.0939298e+01
   2.6202020e-02   8.0943906e+00
   3.1242424e-02   6.1000596e+00
   3.6282828e-02   5.2589342e+00
   4.1323232e-02   5.2240180e+00
   4.6363636e-02   9.0707737e+00
   5.1404040e-02   5.8176507e+00
   5.6444444e-02   4.6846645e+00
   6.1484848e-02   3.9969336e+00
   6.6525253e-02   3.4981501e+00
   7.1565657e-02   3.1206384e+00
   7.6606061e-02   2.8148535e+00
   8.1646465e-02   2.5749188e+00
   8.6686869e-02   2.3732402e+00
   9.1727273e-02   2.1948620e+00
   9.6767677e-02   2.0525089e+00
   1.0180808e-01   1.9224579e+00
   1.0684848e-01   1.8107258e+00
   1.1188889e-01   1.7138412e+00
   1.1692929e-01   1.6271684e+00
   1.2196970e-01   1.5483183e+00
   1.2701010e-01   1.4784069e+00
   1.3205051e-01   1.4219484e+00
   1.3709091e-01   1.3845420e+00
   1.4213131e-01   1.3514165e+00
   1.4717172e-01   1.3222414e+00
   1.5221212e-01   1.3058188e+00
   1.5725253e-01   1.3091455e+00
   1.6229293e-01   1.3357766e+00
   1.6733333e-01   1.4119156e+00
   1.7237374e-01   1.6180764e+00
   1.7741414e-01   2.0285342e+00
   1.8245455e-01   1.7120794e+00
   1.8749495e-01   1.5589570e+00
   1.9253535e-01   1.4531726e+00
   1.9757576e-01   1.3833414e+00
   2.0261616e-01   1.3128576e+00
   2.0765657e-01   1.2631383e+00
   2.1269697e-01   1.2175432e+00
   2.1773737e-01   1.1724176e+00
   2.2277778e-01   1.1414327e+00
   2.2781818e-01   1.1077420e+00
   2.3285859e-01   1.0773047e+00
   2.3789899e-01   1.0495569e+00
   2.4293939e-01   1.0277681e+00
   2.4797980e-01   1.0066831e+00
   2.5302020e-01   9.8310131e-01
   2.5806061e-01   9.6577027e-01
   2.6310101e-01   9.4815233e-01
   2.6814141e-01   9.3308667e-01
   2.7318182e-01   9.1940821e-01
   2.7822222e-01   9.0486383e-01
   2.8326263e-01   8.9087022e-01
   2.8830303e-01   8.8018869e-01
   2.9334343e-01   8.6784251e-01
   2.9838384e-01   8.5728038e-01
   3.0342424e-01   8.4570911e-01
   3.0846465e-01   8.3723203e-01
   3.1350505e-01   8.2808484e-01
   3.1854545e-01   8.1956083e-01
   3.2358586e-01   8.1229336e-01
   3.2862626e-01   8.0521527e-01
   3.3366667e-01   7.9764301e-01
   3.3870707e-01   7.9164755e-01
   3.4374747e-01   7.8543153e-01
   3.4878788e-01   7.7981610e-01
   3.5382828e-01   7.7400774e-01
   3.5886869e-01   7.7003208e-01
   3.6390909e-01   7.6438260e-01
   3.6894949e-01   7.6043423e-01
   3.7398990e-01   7.5543415e-01
   3.7903030e-01   7.5187543e-01
   3.8407071e-01   7.4832887e-01
   3.8911111e-01   7.4531436e-01
   3.9415152e-01   7.4120090e-01
   3.9919192e-01   7.3783761e-01
   4.0423232e-01   7.3516523e-01
   4.0927273e-01   7.3276536e-01
   4.1431313e-01   7.3034129e-01
   4.1935354e-01   7.2903582e-01
   4.2439394e-01   7.2643672e-01
   4.2943434e-01   7.2415345e-01
   4.3447475e-01   7.2252540e-01
   4.3951515e-01   7.2171661e-01
   4.4455556e-01   7.1945887e-01
   4.4959596e-01   7.1945887e-01
   4.5463636e-01   7.1691967e-01
   4.5967677e-01   7.1663087e-01
   4.6471717e-01   7.1569524e-01
   4.6975758e-01   7.1468049e-01
   4.7479798e-01   7.1410586e-01
   4.7983838e-01   7.1335055e-01
   4.8487879e-01   7.1306649e-01
   4.8991919e-01   7.1306649e-01
   4.9495960e-01   7.1306649e-01
   5.0000000e-01   7.1306649e-01
