   0.0000000e+00             NaN
   5.0505051e-03             NaN
   1.0101010e-02             NaN
   1.5151515e-02             NaN
   2.0202020e-02             NaN
   2.5252525e-02             NaN
   3.0303030e-02             NaN
   3.5353535e-02             NaN
   4.0404040e-02             NaN
   4.5454545e-02             NaN
   5.0505051e-02             NaN
   5.5555556e-02             NaN
   6.0606061e-02             NaN
   6.5656566e-02             NaN
   7.0707071e-02             NaN
   7.5757576e-02             NaN
   8.0808081e-02             NaN
   8.5858586e-02             NaN
   9.0909091e-02             NaN
   9.5959596e-02             NaN
   1.0101010e-01             NaN
   1.0606061e-01             NaN
   1.1111111e-01             NaN
   1.1616162e-01             NaN
   1.2121212e-01             NaN
   1.2626263e-01             NaN
   1.3131313e-01             NaN
   1.3636364e-01             NaN
   1.4141414e-01             NaN
   1.4646465e-01             NaN
   1.5151515e-01             NaN
   1.5656566e-01             NaN
   1.6161616e-01             NaN
   1.6666667e-01             NaN
   1.7171717e-01             NaN
   1.7676768e-01             NaN
   1.8181818e-01             NaN
   1.8686869e-01             NaN
   1.9191919e-01             NaN
   1.9696970e-01             NaN
   2.0202020e-01             NaN
   2.0707071e-01             NaN
   2.1212121e-01             NaN
   2.1717172e-01             NaN
   2.2222222e-01             NaN
   2.2727273e-01             NaN
   2.3232323e-01             NaN
   2.3737374e-01             NaN
   2.4242424e-01             NaN
   2.4747475e-01             NaN
   2.5252525e-01             NaN
   2.5757576e-01             NaN
   2.6262626e-01             NaN
   2.6767677e-01             NaN
   2.7272727e-01             NaN
   2.7777778e-01             NaN
   2.8282828e-01             NaN
   2.8787879e-01             NaN
   2.9292929e-01             NaN
   2.9797980e-01             NaN
   3.0303030e-01             NaN
   3.0808081e-01             NaN
   3.1313131e-01             NaN
   3.1818182e-01             NaN
   3.2323232e-01             NaN
   3.2828283e-01             NaN
   3.3333333e-01             NaN
   3.3838384e-01             NaN
   3.4343434e-01             NaN
   3.4848485e-01             NaN
   3.5353535e-01             NaN
   3.5858586e-01             NaN
   3.6363636e-01             NaN
   3.6868687e-01             NaN
   3.7373737e-01             NaN
   3.7878788e-01             NaN
   3.8383838e-01             NaN
   3.8888889e-01             NaN
   3.9393939e-01             NaN
   3.9898990e-01             NaN
   4.0404040e-01             NaN
   4.0909091e-01             NaN
   4.1414141e-01             NaN
   4.1919192e-01             NaN
   4.2424242e-01             NaN
   4.2929293e-01             NaN
   4.3434343e-01             NaN
   4.3939394e-01             NaN
   4.4444444e-01             NaN
   4.4949495e-01             NaN
   4.5454545e-01             NaN
   4.5959596e-01             NaN
   4.6464646e-01             NaN
   4.6969697e-01             NaN
   4.7474747e-01             NaN
   4.7979798e-01             NaN
   4.8484848e-01             NaN
   4.8989899e-01             NaN
   4.9494949e-01             NaN
   5.0000000e-01             NaN
